ans =

   191     1

ans =

   191     2

ans =

   103     1

ans =

   103     2

ans =

   6   1

ans =

   6   2

centroids =

   104.3874     1.0000
   232.9515     1.0000
   203.0000     1.0000

