# Created by Octave 3.2.4, Fri Nov 15 00:54:06 2013 Paris, Madrid <unknown@unknown>
# name: J_history
# type: matrix
# rows: 1502
# columns: 4
 64438534357.41174 3404.126595744681 0 0
 1.326009945598601e+020 -152887437.8665633 7642091.281914894 11203.6770212766
 2.831206296502936e+029 7064553437855.205 -353114222127.8811 -510013688.192655
 6.044999356428021e+038 -3.264352774652003e+017 1.631652165273497e+016 23566467308134.7
 1.290687198044674e+048 1.508375459474513e+022 -7.539454998883625e+020 -1.088947286254787e+018
 2.755787627049098e+057 -6.969824292313177e+026 3.483792862841191e+025 5.031752009165711e+022
 5.883970536704777e+066 3.220580814981081e+031 -1.6097732147722e+030 -2.325046271874287e+027
 1.256305418349027e+076 -1.488149535887632e+036 7.438357861737632e+034 1.074345507590474e+032
 2.682377986646118e+085 6.876365377515252e+040 -3.437078413999061e+039 -4.964280856008013e+036
 5.727231259337543e+094 -3.17739579691411e+045 1.588187640816009e+044 2.293869545989822e+041
 1.222839512597764e+104 1.468194823279671e+050 -7.338616343948821e+048 -1.059939525309375e+046
 2.610923858072565e+113 -6.784159660558311e+054 3.390990362826522e+053 4.897714428778802e+050
 5.57466725798781e+122 3.13478985010558e+059 -1.566891509496049e+058 -2.263110871242072e+055
 1.190265083418515e+132 -1.448507684961566e+064 7.240212267912037e+062 1.045726713962596e+060
 2.541373149716306e+141 6.693190337215264e+068 -3.345520309908614e+067 -4.832040595937902e+064
 5.426167310184001e+150 -3.092755209744051e+073 1.545880939653551e+072 2.232764641950906e+069
 1.158558383344698e+160 1.429084533008902e+078 -7.143127699767044e+076 -1.031704483306088e+074
 2.473675157599896e+169 -6.603440828588196e+082 3.300659968458784e+081 4.767247388617892e+078
 5.281623156237869e+178 3.051284215137043e+087 -1.525152102172502e+086 -2.202825327603189e+083
 1.127696297503103e+188 -1.409921827608019e+092 7.047344946130125e+090 1.017870277828586e+088
 2.407780528416278e+197 6.51489477808692e+096 -3.256401162808643e+095 -4.703322998442825e+092
 5.140929420320828e+206 -3.010369308314892e+101 1.504701219281807e+100 2.173287471844868e+097
 1.097656326762642e+216 1.391016076410893e+106 -6.952846550869519e+104 -1.004221576285874e+102
 2.343641223549157e+225 -6.427536048448039e+110 3.212735826917973e+109 4.640255775376186e+106
 5.003983533642695e+234 2.970003032653339e+115 -1.484524563866793e+114 -2.144145691486565e+111
 1.068416571332e+244 -1.372363833898666e+120 6.85961529192409e+118 9.907558912412954e+115
 2.281210484051794e+253 6.341348718793969e+124 -3.169656002904714e+123 -4.578034225597697e+120
 4.870685659676798e+262 -2.930178031514578e+129 1.464618458789958e+128 2.115394675522505e+125
 1.039955714794206e+272 1.35396170075371e+134 -6.767634178164658e+132 -9.77470768612424e+129
 2.220442796558735e+281 -6.256317081731419e+138 3.127153839594669e+137 4.516647009408615e+134
 4.740938621377001e+290 2.890887046906528e+143 -1.444979276220824e+142 -2.087029184162602e+139
 1.012253008566506e+300 -1.335806323240111e+148 6.676886446297414e+146 9.643637872238164e+143
 Inf 6.172425640488744e+152 -3.08522159109064e+151 -4.456082939165096e+148
 Inf -2.852122918160092e+157 1.425603436974771e+156 2.059044047877523e+153
 Inf 1.31789439259246e+162 -6.587355557808855e+160 -9.514325583657579e+157
 Inf -6.089659106091713e+166 3.043851615360768e+165 4.396330977239281e+162
 Inf 2.813878580624134e+171 -1.406487409860744e+170 -2.031434166456552e+167
 Inf -1.300222644412838e+176 6.499025195951683e+174 9.386747253589275e+171
 Inf 6.008002394577144e+180 -3.003036372845791e+179 -4.337380234007711e+176
 Inf -2.776147064377978e+185 1.387627711037705e+184 2.004194508078097e+181
 Inf 1.282787858075895e+190 -6.411879262771141e+188 -9.260879631249009e+185
 Inf -5.927440624243882e+194 2.962768425084983e+193 4.279219965866746e+190
 Inf 2.738921492961153e+199 -1.369020903379706e+198 -1.977320108392652e+195
 Inf -1.265586856141893e+204 6.325901876171191e+202 9.136699777624097e+199
 Inf 5.847959112940654e+208 -2.923040433360516e+207 -4.221839573274553e+204
 Inf -2.702195082120182e+213 1.350663595849492e+212 1.950806069618059e+209
 Inf 1.248616503777632e+218 -6.241077367020055e+216 -9.014185061292876e+213
 Inf -5.769543375390305e+222 2.883845157359996e+221 4.16522859881938e+218
 Inf 2.665961138572169e+227 -1.332552442880489e+226 -1.924647559646897e+223
 Inf -1.231873708185132e+232 6.157390276294554e+230 8.89331315430015e+227
 Inf 5.692179120549871e+236 -2.845175453856943e+235 -4.10937672531372e+232
 Inf -2.630213058784964e+241 1.314684143767082e+240 1.898839811165854e+237
 Inf 1.215355418037981e+246 -6.074825352262758e+244 -8.774062028088012e+241
 Inf -5.615852249006104e+250 2.807024275408954e+249 4.054273773914033e+246
 Inf 2.594944327773699e+255 -1.297055442063077e+254 -1.87337812078689e+251
 Inf -1.199058622925244e+260 5.993367547704389e+258 8.656409949481215e+255
 Inf 5.540548850405877e+264 -2.769384669073326e+263 -3.999909702265685e+260
 Inf -2.560148517913436e+269 1.279663124988219e+268 1.848257848190058e+265
 Inf 1.182980352802813e+274 -5.913002017168515e+272 -8.540335476726322e+269
 Inf -5.466255200921064e+278 2.732249775139907e+277 3.946274602672754e+274
 Inf 2.525819287767764e+283 -1.262504022842671e+282 -1.823474415277825e+279
 Inf -1.167117677452136e+288 5.833714114268007e+286 8.425817455584043e+283
 Inf 5.392957760747422e+292 -2.695612825880931e+291 -3.893358700292377e+288
 Inf -2.491950380933082e+297 1.245575008429348e+296 1.799023305340721e+293
 Inf 1.15146770594619e+302 -5.755489389010276e+300 -8.312835015473923e+297
 NaN -Inf Inf 3.841152351353322e+302
 NaN NaN NaN -Inf
 NaN NaN NaN NaN
 NaN NaN NaN NaN
 NaN NaN NaN NaN
 NaN NaN NaN NaN
 NaN NaN NaN NaN
 NaN NaN NaN NaN
 NaN NaN NaN NaN
 NaN NaN NaN NaN
 NaN NaN NaN NaN
 NaN NaN NaN NaN
 NaN NaN NaN NaN
 NaN NaN NaN NaN
 NaN NaN NaN NaN
 NaN NaN NaN NaN
 NaN NaN NaN NaN
 NaN NaN NaN NaN
 NaN NaN NaN NaN
 NaN NaN NaN NaN
 NaN NaN NaN NaN
 NaN NaN NaN NaN
 NaN NaN NaN NaN
 NaN NaN NaN NaN
 NaN NaN NaN NaN
 NaN NaN NaN NaN
 NaN NaN NaN NaN
 NaN NaN NaN NaN
 NaN NaN NaN NaN
 NaN NaN NaN NaN
 NaN NaN NaN NaN
 NaN NaN NaN NaN
 NaN NaN NaN NaN
 NaN NaN NaN NaN
 NaN NaN NaN NaN
 NaN NaN NaN NaN
 NaN NaN NaN NaN
 NaN NaN NaN NaN
 NaN NaN NaN NaN
 NaN NaN NaN NaN
 NaN NaN NaN NaN
 NaN NaN NaN NaN
 NaN NaN NaN NaN
 NaN NaN NaN NaN
 NaN NaN NaN NaN
 NaN NaN NaN NaN
 NaN NaN NaN NaN
 NaN NaN NaN NaN
 NaN NaN NaN NaN
 NaN NaN NaN NaN
 NaN NaN NaN NaN
 NaN NaN NaN NaN
 NaN NaN NaN NaN
 NaN NaN NaN NaN
 NaN NaN NaN NaN
 NaN NaN NaN NaN
 NaN NaN NaN NaN
 NaN NaN NaN NaN
 NaN NaN NaN NaN
 NaN NaN NaN NaN
 NaN NaN NaN NaN
 NaN NaN NaN NaN
 NaN NaN NaN NaN
 NaN NaN NaN NaN
 NaN NaN NaN NaN
 NaN NaN NaN NaN
 NaN NaN NaN NaN
 NaN NaN NaN NaN
 NaN NaN NaN NaN
 NaN NaN NaN NaN
 NaN NaN NaN NaN
 NaN NaN NaN NaN
 NaN NaN NaN NaN
 NaN NaN NaN NaN
 NaN NaN NaN NaN
 NaN NaN NaN NaN
 NaN NaN NaN NaN
 NaN NaN NaN NaN
 NaN NaN NaN NaN
 NaN NaN NaN NaN
 NaN NaN NaN NaN
 NaN NaN NaN NaN
 NaN NaN NaN NaN
 NaN NaN NaN NaN
 NaN NaN NaN NaN
 NaN NaN NaN NaN
 NaN NaN NaN NaN
 NaN NaN NaN NaN
 NaN NaN NaN NaN
 NaN NaN NaN NaN
 NaN NaN NaN NaN
 NaN NaN NaN NaN
 NaN NaN NaN NaN
 NaN NaN NaN NaN
 NaN NaN NaN NaN
 NaN NaN NaN NaN
 NaN NaN NaN NaN
 NaN NaN NaN NaN
 NaN NaN NaN NaN
 NaN NaN NaN NaN
 NaN NaN NaN NaN
 NaN NaN NaN NaN
 NaN NaN NaN NaN
 NaN NaN NaN NaN
 NaN NaN NaN NaN
 NaN NaN NaN NaN
 NaN NaN NaN NaN
 NaN NaN NaN NaN
 NaN NaN NaN NaN
 NaN NaN NaN NaN
 NaN NaN NaN NaN
 NaN NaN NaN NaN
 NaN NaN NaN NaN
 NaN NaN NaN NaN
 NaN NaN NaN NaN
 NaN NaN NaN NaN
 NaN NaN NaN NaN
 NaN NaN NaN NaN
 NaN NaN NaN NaN
 NaN NaN NaN NaN
 NaN NaN NaN NaN
 NaN NaN NaN NaN
 NaN NaN NaN NaN
 NaN NaN NaN NaN
 NaN NaN NaN NaN
 NaN NaN NaN NaN
 NaN NaN NaN NaN
 NaN NaN NaN NaN
 NaN NaN NaN NaN
 NaN NaN NaN NaN
 NaN NaN NaN NaN
