# Created by Octave 3.2.4, Fri Jan 03 02:28:40 2014 Paris, Madrid <unknown@unknown>
# name: D1Temp
# type: matrix
# rows: 4
# columns: 2
 0.03550250012483486 -0.08635686017992197
 -0.09794353792869906 0.01890849306664475
 0.04338401447973946 0.07370329079300295
 0.06231339294039875 -0.08099912989899279
# name: D1
# type: matrix
# rows: 4
# columns: 3
 -0.01210486011059365 0.03550250012483486 -0.08635686017992197
 -0.127759694646817 -0.09794353792869906 0.01890849306664475
 0.04255296075180307 0.04338401447973946 0.07370329079300295
 0.09973866474362292 0.06231339294039875 -0.08099912989899279
# name: D2Temp
# type: matrix
# rows: 4
# columns: 4
 0.09721532414410455 0.1059154583948375 0.1622321142798592 0.1719124484978729
 -0.007656331168918469 0.09024729083678856 -0.02847377550083421 -0.09270743766583732
 0.4113159867155308 0.1973508311580633 0.05942662368381117 0.3794652157487444
 0.1684436765949173 0.1306606238955878 0.179691720655336 0.2512390716507504
