# Created by Octave 3.2.4, Fri Jan 03 02:27:11 2014 Paris, Madrid <unknown@unknown>
# name: k
# type: matrix
# rows: 38
# columns: 3
 -0.008999999999999999 1 -0.008999999999999999
 0.008999999999999999 2 0.008999999999999999
 -0.008 3 -0.008
 0.008 4 0.008
 -0.007 5 -0.007
 -0.017 6 -0.017
 0.039 7 0.039
 0.059 8 0.059
 0.025 9 0.025
 -0.033 10 -0.033
 -0.06 11 -0.06
 -0.032 12 -0.032
 0.025 13 0.025
 0.06 14 0.06
 0.039 15 0.039
 -0.017 16 -0.017
 -0.058 17 -0.058
 -0.045 18 -0.045
 0.008999999999999999 19 0.008999999999999999
 0.055 20 0.055
 0.315 21 0.315
 0.111 22 0.111
 0.097 23 0.097
 0.119 24 0.119
 0 25 0
 0.034 26 0.034
 0.204 27 0.204
 0.117 28 0.117
 0.075 29 0.075
 0.126 30 0.126
 -0.004 31 -0.004
 0.017 32 0.017
 0.176 33 0.176
 0.113 34 0.113
 0.08599999999999999 35 0.08599999999999999
 0.132 36 0.132
 -0.005 37 -0.005
 0.002 38 0.002
