# Created by Octave 3.2.4, Fri Jan 03 02:28:40 2014 Paris, Madrid <unknown@unknown>
# name: Theta1_grad
# type: matrix
# rows: 4
# columns: 3
 -0.01210486011059365 0.03550250012483486 -0.08635686017992197
 -0.127759694646817 -0.09794353792869906 0.01890849306664475
 0.04255296075180307 0.04338401447973946 0.07370329079300295
 0.09973866474362292 0.06231339294039875 -0.08099912989899279
# name: Theta2_grad
# type: matrix
# rows: 4
# columns: 5
 0.2550422894876031 0.09721532414410455 0.1059154583948375 0.1622321142798592 0.1719124484978729
 -0.008016161701584316 -0.007656331168918469 0.09024729083678856 -0.02847377550083421 -0.09270743766583732
 0.4669105400260677 0.4113159867155308 0.1973508311580633 0.05942662368381117 0.3794652157487444
 0.3410066997130375 0.1684436765949173 0.1306606238955878 0.179691720655336 0.2512390716507504
# name: DELTAD0
# type: matrix
# rows: 4
# columns: 3
 -0.1936777617694985 -0.05013772586527709 0.06038647494058363
 -2.044155114349071 -0.0671112970331299 0.07772007457188754
 0.680847372028849 0.0638936764358701 -0.07573080511603709
 1.595818635897967 0.02158252681070478 -0.02665547212112854
# name: DELTAD1
# type: matrix
# rows: 4
# columns: 5
 4.08067663180165 2.922140579132688 2.107392341394795 1.108909610682537 2.770514296800556
 -0.1282585872253491 -0.1291398456847717 -0.03910027389138684 -0.01737219491259298 -0.1277806950161372
 7.470568640417083 5.219885615273198 3.979207188865416 2.072912273474479 4.923322374061895
 5.4561071954086 3.834630694806908 2.889819512829501 1.502953993778578 3.6198607478721
