# Created by Octave 3.2.4, Fri Jan 03 02:28:40 2014 Paris, Madrid <unknown@unknown>
# name: D1
# type: matrix
# rows: 4
# columns: 3
 -0.01210486011059365 -0.003133607866579818 0.003774154683786477
 -0.127759694646817 -0.004194456064570619 0.004857504660742971
 0.04255296075180307 0.003993354777241881 -0.004733175319752318
 0.09973866474362292 0.001348907925669049 -0.001665967007570534
# name: D2
# type: matrix
# rows: 4
# columns: 5
 0.2550422894876031 0.182633786195793 0.1317120213371747 0.06930685066765856 0.1731571435500348
 -0.008016161701584316 -0.00807124035529823 -0.002443767118211678 -0.001085762182037061 -0.007986293438508573
 0.4669105400260677 0.3262428509545749 0.2487004493040885 0.1295570170921549 0.3077076483788684
 0.3410066997130375 0.2396644184254318 0.1806137195518438 0.09393462461116113 0.2262412967420062
