# Created by Octave 3.2.4, Fri Jan 03 02:28:40 2014 Paris, Madrid <unknown@unknown>
# name: Theta1
# type: matrix
# rows: 4
# columns: 3
 0.8414709848078965 0.4121184852417566 -0.9613974918795568
 0.1411200080598672 -0.9999902065507035 0.1498772096629523
 -0.9589242746631385 0.4201670368266409 0.8366556385360561
 0.6569865987187891 0.6502878401571168 -0.8462204041751706
# name: Theta2
# type: matrix
# rows: 4
# columns: 5
 0.5403023058681398 -0.9111302618846769 -0.2751633380515969 0.9912028118634736 -0.01327674722305948
 -0.9899924966004454 0.004425697988050785 0.9887046181866692 -0.2921388087338362 -0.9036922050915067
 0.2836621854632262 0.9074467814501962 -0.5477292602242684 -0.7480575296890003 0.7654140519453434
 0.7539022543433046 -0.7596879128588213 -0.5328330203333975 0.9147423578045313 0.2666429323599372
