# Created by Octave 3.2.4, Fri Jan 03 02:28:40 2014 Paris, Madrid <unknown@unknown>
# name: grad
# type: matrix
# rows: 32
# columns: 1
 -0.01210486011059365
 -0.127759694646817
 0.04255296075180307
 0.09973866474362292
 0.03550250012483486
 -0.09794353792869906
 0.04338401447973946
 0.06231339294039875
 -0.08635686017992197
 0.01890849306664475
 0.07370329079300295
 -0.08099912989899279
 0.2550422894876031
 -0.008016161701584316
 0.4669105400260677
 0.3410066997130375
 0.09721532414410455
 -0.007656331168918469
 0.4113159867155308
 0.1684436765949173
 0.1059154583948375
 0.09024729083678856
 0.1973508311580633
 0.1306606238955878
 0.1622321142798592
 -0.02847377550083421
 0.05942662368381117
 0.179691720655336
 0.1719124484978729
 -0.09270743766583732
 0.3794652157487444
 0.2512390716507504
