# Created by Octave 3.2.4, Fri Jan 10 16:04:59 2014 Paris, Madrid <unknown@unknown>
# name: mix_vec
# type: matrix
# rows: 64
# columns: 4
 0.01 0.01 1 0.5649999999999999
 0.01 0.03 2 0.5649999999999999
 0.01 0.1 3 0.5649999999999999
 0.01 0.3 4 0.5649999999999999
 0.01 1 5 0.5649999999999999
 0.01 3.000000000000001 6 0.5649999999999999
 0.01 10 7 0.5649999999999999
 0.01 30.00000000000001 8 0.5649999999999999
 0.03 0.01 9 0.06
 0.03 0.03 10 0.06
 0.03 0.1 11 0.06
 0.03 0.3 12 0.06
 0.03 1 13 0.065
 0.03 3.000000000000001 14 0.08
 0.03 10 15 0.08500000000000001
 0.03 30.00000000000001 16 0.08
 0.1 0.01 17 0.045
 0.1 0.03 18 0.045
 0.1 0.1 19 0.045
 0.1 0.3 20 0.035
 0.1 1 21 0.03
 0.1 3.000000000000001 22 0.035
 0.1 10 23 0.07000000000000001
 0.1 30.00000000000001 24 0.06
 0.3 0.01 25 0.145
 0.3 0.03 26 0.14
 0.3 0.1 27 0.08
 0.3 0.3 28 0.06
 0.3 1 29 0.065
 0.3 3.000000000000001 30 0.075
 0.3 10 31 0.07000000000000001
 0.3 30.00000000000001 32 0.07000000000000001
 1 0.01 33 0.18
 1 0.03 34 0.18
 1 0.1 35 0.175
 1 0.3 36 0.1
 1 1 37 0.075
 1 3.000000000000001 38 0.08500000000000001
 1 10 39 0.08
 1 30.00000000000001 40 0.105
 3.000000000000001 0.01 41 0.185
 3.000000000000001 0.03 42 0.185
 3.000000000000001 0.1 43 0.185
 3.000000000000001 0.3 44 0.185
 3.000000000000001 1 45 0.145
 3.000000000000001 3.000000000000001 46 0.1
 3.000000000000001 10 47 0.08
 3.000000000000001 30.00000000000001 48 0.08
 10 0.01 49 0.185
 10 0.03 50 0.185
 10 0.1 51 0.18
 10 0.3 52 0.18
 10 1 53 0.185
 10 3.000000000000001 54 0.18
 10 10 55 0.155
 10 30.00000000000001 56 0.095
 30.00000000000001 0.01 57 0.185
 30.00000000000001 0.03 58 0.18
 30.00000000000001 0.1 59 0.185
 30.00000000000001 0.3 60 0.18
 30.00000000000001 1 61 0.185
 30.00000000000001 3.000000000000001 62 0.18
 30.00000000000001 10 63 0.185
 30.00000000000001 30.00000000000001 64 0.185
