# Created by Octave 3.2.4, Thu Jan 09 19:17:56 2014 Paris, Madrid <unknown@unknown>
# name: mix_vec
# type: matrix
# rows: 64
# columns: 4
 0.01 0.01 1 99
 0.01 0.03 2 88
 0.01 0.1 3 88
 0.01 0.3 4 91
 0.01 1 5 89
 0.01 3.000000000000001 6 96
 0.01 10 7 94
 0.01 30.00000000000001 8 95
 0.03 0.01 9 197
 0.03 0.03 10 197
 0.03 0.1 11 197
 0.03 0.3 12 197
 0.03 1 13 197
 0.03 3.000000000000001 14 197
 0.03 10 15 197
 0.03 30.00000000000001 16 197
 0.1 0.01 17 191
 0.1 0.03 18 191
 0.1 0.1 19 191
 0.1 0.3 20 191
 0.1 1 21 191
 0.1 3.000000000000001 22 191
 0.1 10 23 191
 0.1 30.00000000000001 24 191
 0.3 0.01 25 188
 0.3 0.03 26 189
 0.3 0.1 27 189
 0.3 0.3 28 188
 0.3 1 29 188
 0.3 3.000000000000001 30 189
 0.3 10 31 189
 0.3 30.00000000000001 32 189
 1 0.01 33 172
 1 0.03 34 177
 1 0.1 35 164
 1 0.3 36 177
 1 1 37 175
 1 3.000000000000001 38 177
 1 10 39 177
 1 30.00000000000001 40 177
 3.000000000000001 0.01 41 175
 3.000000000000001 0.03 42 175
 3.000000000000001 0.1 43 175
 3.000000000000001 0.3 44 175
 3.000000000000001 1 45 175
 3.000000000000001 3.000000000000001 46 175
 3.000000000000001 10 47 175
 3.000000000000001 30.00000000000001 48 174
 10 0.01 49 178
 10 0.03 50 178
 10 0.1 51 178
 10 0.3 52 178
 10 1 53 178
 10 3.000000000000001 54 178
 10 10 55 177
 10 30.00000000000001 56 178
 30.00000000000001 0.01 57 171
 30.00000000000001 0.03 58 171
 30.00000000000001 0.1 59 170
 30.00000000000001 0.3 60 171
 30.00000000000001 1 61 171
 30.00000000000001 3.000000000000001 62 170
 30.00000000000001 10 63 170
 30.00000000000001 30.00000000000001 64 168
