# Created by Octave 3.2.4, Sat Jan 04 20:14:59 2014 Paris, Madrid <unknown@unknown>
# name: theta
# type: matrix
# rows: 2
# columns: 1
 13.08790351086907
 0.3677792297456509
