# Created by Octave 3.2.4, Wed Jan 08 17:51:14 2014 Paris, Madrid <unknown@unknown>
# name: X
# type: matrix
# rows: 12
# columns: 2
 1 -15.93675813378541
 1 -29.15297921723813
 1 36.18954862666253
 1 37.49218733199513
 1 -48.05882945257007
 1 -8.941457938049755
 1 15.30779288922608
 1 -34.70626581132249
 1 1.38915436863589
 1 -44.38375985168692
 1 7.013502082404112
 1 22.7627489197113
