# Created by Octave 3.2.4, Mon Dec 09 12:04:37 2013 Paris, Madrid <unknown@unknown>
# name: grad
# type: matrix
# rows: 400
# columns: 1
 0
 0
 -7.507027345528039e-008
 3.643042017578378e-007
 1.964534977746956e-006
 6.412836975872458e-005
 3.038560803256791e-005
 7.751685515471857e-006
 -8.828946686409849e-006
 2.23123897792234e-005
 9.655613355534323e-006
 -2.278348789046775e-006
 -3.697248119046785e-006
 -8.972927354460611e-006
 3.188107221364466e-006
 7.622058534936569e-006
 -2.798530499953714e-006
 -7.066136775167548e-007
 7.79805687853668e-008
 0
 2.640039836588568e-008
 -3.047491200283857e-007
 6.765388756622409e-007
 -8.022947382379322e-006
 9.042203857926592e-006
 7.432195848758943e-006
 4.782766806254842e-005
 8.06161860039325e-005
 -9.7937340452633e-005
 -4.211818637685656e-005
 4.263658230569215e-005
 -1.618025258175399e-005
 1.822403892184663e-005
 9.119849440209632e-005
 -4.772090724670184e-005
 -8.014493962814913e-005
 2.316109551903076e-005
 -1.129406177087409e-006
 -2.844139200649896e-006
 -1.139693421165086e-006
 -2.264657932139171e-007
 2.904741765607389e-006
 3.986583553156406e-006
 -7.38496080867874e-005
 -0.0001014971023854731
 0.0001005029768457325
 0.000554414791302658
 0.0006978843982336504
 0.0001208961895990257
 -1.991779478415163e-005
 0.0002605393212409449
 0.000362640720115211
 1.619798550545215e-005
 -0.0002130628770035442
 -0.0003607690080741594
 -0.0003401175981869865
 0.0002938970606337057
 0.0001795441534070013
 -9.135126265492988e-006
 6.252945323670121e-006
 -9.466263033998432e-007
 9.54095515632839e-006
 2.433012249832874e-005
 -1.586904868837902e-005
 -0.0003020499151475512
 0.0004374463080457737
 0.001209314497867905
 0.001205477624747985
 0.00161888283032027
 0.002089448856249947
 0.002268545618682429
 0.002591491249851829
 0.002109085732308341
 0.001631763593212107
 0.001228337546161235
 -4.763040042254983e-005
 8.333637744560381e-005
 0.0004268191709723715
 0.0002098981561165969
 0.0001073691636226276
 -1.144470245036521e-006
 1.289780019192966e-005
 -0.0001022670602742476
 -0.0005007693895101469
 -0.0008329994980053279
 -6.353075373376146e-005
 0.001065759481210053
 0.002112041856817105
 0.002922684292898502
 0.002221088026667886
 0.003956762297208729
 0.005066200199189221
 0.004691460345200238
 0.004228561894994163
 0.005296592641454232
 0.004011564202978346
 0.001969481652792794
 0.001397418650714217
 0.0008479957544818585
 0.0001588509806379354
 1.317699860499404e-005
 0.0001516967774568296
 -0.0002194830713812087
 -0.0008733869528353498
 -0.001329033713832192
 0.0006802813666755074
 0.003622998209638335
 0.004398179188085635
 0.004864463102829805
 0.004759925857772838
 0.005326992738389356
 0.005461984905573578
 0.005181885971924411
 0.006573823040474963
 0.009903152736053739
 0.009024364710701166
 0.006715214021389446
 0.003453725304614407
 0.0003374781007015654
 -7.376011023801403e-005
 4.56940432996522e-005
 0.0002540414140923097
 -0.0001074562887003341
 -0.0008444782859598545
 -0.000451276006133415
 0.003145485391901787
 0.007596986482244091
 0.006482640457897635
 0.006274227501493356
 0.007836021911751213
 0.006803389961937831
 0.005096894547304696
 0.004113188047832702
 0.003939271828184173
 0.005453307573648145
 0.009348645089007521
 0.009229546329478235
 0.00540788700695215
 -7.73476634815005e-006
 -0.0002264443638784878
 4.662026262396234e-005
 0.0002463097397321563
 -0.0003889893585391479
 -0.0001937477371126424
 0.001787313072074696
 0.006761021366895706
 0.009260243667984974
 0.008005867005696764
 0.00971912757114847
 0.01001189884138991
 0.006830663430257318
 0.00757896530632297
 0.005813660172237622
 0.001794118779311905
 0.002174437981805621
 0.007205701000402462
 0.009975411776368771
 0.006216036763192686
 0.0003369236091747898
 -0.0001484760613132601
 3.281070756566751e-005
 0.0005971934877293599
 -9.695277300743889e-005
 -0.00131434888941112
 0.002528856790545739
 0.007801744045372863
 0.01137254848687884
 0.01178432186528605
 0.00918629627300397
 0.00846054891112092
 0.00795199031700734
 0.009962121442066702
 0.006355960328883314
 0.004551056741048024
 0.007153577090053513
 0.007943013650720514
 0.01008879352921183
 0.004638978000691213
 0.0002547915006412811
 -3.818781624950874e-005
 3.897208161369682e-005
 0.0006180351636381283
 -0.0007364931198284568
 -0.002393100498823927
 0.002711569259107166
 0.007462637539599315
 0.009750562390037236
 0.007070540832389721
 0.003467415385416794
 0.005333701984890061
 0.008705664622628036
 0.01059153885999541
 0.007442562873626214
 0.007757392395525887
 0.01081817567968451
 0.008366148449664544
 0.007593454140545539
 0.003612258831465798
 0.0009558555370780665
 0.0004256393249578659
 3.708767289577439e-005
 0.0001113067556271337
 -0.001420938700564255
 -0.002768108198107663
 0.005321965053836358
 0.008038791237296372
 0.007085514514703998
 0.003785731450800741
 0.002310626861601687
 0.004728211855174034
 0.008322466728629799
 0.01037000313962352
 0.00859314576143673
 0.007382084461844332
 0.009406557912615316
 0.006041746606566719
 0.002922918905194136
 0.003348949221392191
 0.001789774406334225
 0.0005649747635913509
 5.926784646019363e-005
 6.599757275462841e-005
 -0.001516045427302686
 0.0004178764053474368
 0.0103749772159811
 0.01036262022979134
 0.00828995810233398
 0.00398917550143183
 0.002210300560311696
 0.004361592901103937
 0.007277433912563263
 0.00753115949714507
 0.005934259780811211
 0.006454708137456824
 0.006411181090343379
 0.00593502358783641
 0.00319722589486489
 0.002385047130351778
 0.001342371115986408
 0.0002158091663309902
 2.253050134072076e-005
 3.308354140002119e-005
 -0.0002620428976731687
 0.004276506862526801
 0.0122361691629419
 0.01259081741042526
 0.008948230806990599
 0.005353221610573968
 0.00516699184650711
 0.007090543153680471
 0.009004288966479241
 0.008206767741668982
 0.006264654847998333
 0.007761553534570674
 0.009052827489065524
 0.007129391849105574
 0.003633025743003546
 0.002715335568401277
 0.001240186664115756
 -3.551049516390232e-005
 -1.758403326163366e-005
 0.0002007235045843453
 0.0001671274558234935
 0.003539915515439361
 0.01056079848496391
 0.01283743511162555
 0.008500436654388979
 0.006998879844211317
 0.007774925364218126
 0.006628354301252776
 0.008161728120941585
 0.007721120455472771
 0.005245960620578069
 0.003713872958278429
 0.003567511256583227
 0.001608972934449082
 0.000333849132747109
 -0.0001537561470351509
 -7.385411476035678e-005
 -3.036733928536815e-005
 -6.823314185208362e-005
 0.0002355654374648246
 9.202810283989786e-005
 0.00195209733690168
 0.00788844622413584
 0.01173991724356308
 0.01104173271969468
 0.008022674925845123
 0.006291527690254622
 0.005627475104595145
 0.00627881752919902
 0.006355732328594705
 0.003680562769644477
 0.0001484985228447349
 -0.0001607803249433587
 0.000511670178681247
 0.0005712229726271251
 -0.000991396343496384
 -0.0005946611545389571
 -4.933284314548628e-005
 2.120025233843171e-005
 -5.411983437885858e-005
 3.885628146968942e-005
 0.002424413747743155
 0.006202659814752863
 0.01057085823156505
 0.01130611009234676
 0.008798169376592503
 0.006971237962793261
 0.005864913708069322
 0.004888251122757875
 0.003617343088973871
 0.001859859740383633
 0.0005815524000880264
 0.0004142963719431325
 0.0003543988998069046
 6.443068624462972e-005
 -0.0003531448392352372
 -0.0003119900816213825
 -7.578354556087201e-005
 8.823428904293632e-006
 -1.304029500433587e-005
 0.000128159925889417
 0.001475400086383639
 0.004512811515704793
 0.007038907614481136
 0.006609875965754968
 0.005093617381654252
 0.004431197181098895
 0.002779820492200809
 0.002321853191119873
 0.001689809145153601
 0.0005616859249228963
