# Created by Octave 3.2.4, Mon Dec 09 12:03:45 2013 Paris, Madrid <unknown@unknown>
# name: grad
# type: matrix
# rows: 400
# columns: 1
 0
 0
 -7.507027345528039e-008
 1.000874871692503e-006
 -2.436621900090279e-007
 -5.975940938070907e-005
 -3.867414482690921e-005
 -4.281585311916547e-006
 1.047930154343771e-005
 3.731264849382035e-005
 8.616264907821895e-006
 -1.37093797749993e-006
 1.990962716222862e-006
 -8.776848923088058e-006
 -2.656374668613734e-006
 -4.023842881185401e-006
 -1.344367237426474e-006
 6.421898771691519e-007
 -3.946224167214956e-008
 0
 2.640039836588568e-008
 -3.765764620763164e-007
 1.268952556311221e-006
 -3.669390056671262e-006
 -2.232234543401249e-005
 1.213889179102457e-005
 0.0001368481371529621
 0.0001963072265920317
 0.0002653384084580417
 0.0001047251347015745
 5.677894001266404e-005
 1.46390931911767e-006
 -2.738403521563928e-005
 9.941278497943806e-005
 1.72680803622302e-005
 5.104770062239509e-005
 2.16140332913619e-005
 -1.25471700948513e-005
 -8.077149087109031e-007
 -7.316051858709676e-007
 -2.48886403869822e-007
 3.62637969312767e-006
 -3.700318784595896e-006
 -2.968747989524753e-005
 9.833155998730671e-005
 0.000241004322082372
 0.0004708984955951863
 0.0007966097769834881
 0.0008027650052472535
 0.0002023236548102394
 -0.0001196420377198263
 -0.0001090244824176376
 0.0001144375739052472
 0.000442288749509848
 0.0006724375197206052
 0.0005229152649929371
 3.724732152808383e-005
 5.298490057649974e-005
 2.311281171773933e-005
 9.373113002661407e-006
 -8.259495604804547e-007
 1.255024845698204e-005
 -5.220144640088736e-005
 -0.0001611052244781405
 0.0001711117746672624
 0.0006925307477244225
 0.001055888051108648
 0.001316830148085804
 0.001287499660385628
 0.0009401510076660679
 0.0009724169354035615
 0.0008953127776296051
 0.0001943743433175385
 0.0003465283263275736
 0.0005231347854041554
 -0.0005278436323125254
 -0.0003267946819225865
 0.0002996012935927305
 7.577549135624931e-005
 3.518189850824872e-005
 1.121039014222733e-006
 -6.486717781926535e-006
 -0.0001364645586776289
 8.857961307699808e-005
 0.001056694153274628
 0.0004430118014132955
 0.0002535868232579849
 0.001844370084365921
 0.002361568906188263
 0.002349956633694029
 0.003521229123869948
 0.004705849089439764
 0.003716093095597693
 0.003203429753109631
 0.002873470691563163
 -0.0004339355076698021
 -0.0002882942050503403
 0.0004718688531791264
 -0.0003770379192654182
 -0.0001570116725483389
 1.273077379562588e-005
 7.011789673787512e-005
 8.467071702257853e-005
 0.0007867807180524501
 0.001181117024866067
 -0.0004624483548658902
 0.000903520431860554
 0.003772540931050312
 0.005672810386326534
 0.00617841031787632
 0.007681745928068004
 0.009705596949418898
 0.01038158638500718
 0.0082441595941242
 0.009055055803183363
 0.005437901999644518
 0.001366129540861122
 -0.0004706296238434642
 -0.001335953067599089
 -0.0002780985668011943
 8.924275461961622e-006
 7.962003950080635e-005
 0.0003323971416530945
 0.001813710701649077
 0.001446130141742404
 0.0005248413048919798
 0.003927103605065442
 0.009114373944778176
 0.01173527438330163
 0.01078620681779696
 0.009820303697640437
 0.01052859871056722
 0.01356005296025643
 0.01225350233948591
 0.01315967433222656
 0.0103425641998463
 0.005482382324848602
 3.90589492564457e-005
 -0.001030533013216344
 -0.0002120471246355684
 -3.387271904548988e-005
 0.0002376268486963237
 0.0005592476543083575
 0.001633592312212701
 0.001563679808720843
 0.004146374671557819
 0.01042131162621469
 0.01646651116157879
 0.01757510492972877
 0.01560531068422823
 0.01071968490648468
 0.01209482244966541
 0.01225410796069079
 0.0117807079691805
 0.01445319813902166
 0.01196483822133381
 0.007728559813546219
 0.001545218380817494
 -0.0009134857164404186
 -0.0002902848984309198
 -4.747837876330847e-005
 0.0006698583399897078
 0.001467470613048302
 0.003209929085806751
 0.004210351789864918
 0.01152466419787831
 0.01497024675076773
 0.01737036600331547
 0.01524676873011181
 0.01259223804851198
 0.007764837277110817
 0.009939964392093938
 0.01139343272775277
 0.01438485518535629
 0.01591152507480296
 0.01234891633999067
 0.007609767463716189
 0.00298494118672793
 -0.001079550486014492
 -0.000248134824010946
 -6.091546604425517e-005
 0.0006651348572655781
 0.002013745917851757
 0.004892540156813328
 0.01107434533481523
 0.01694653788682153
 0.01467621657032046
 0.01134417931363114
 0.006703469541871041
 0.007506143297526225
 0.00766722293894067
 0.01132617881097581
 0.01281250287471327
 0.01435877175963264
 0.01506663456448843
 0.01261178196682141
 0.006913341844793903
 0.002826145077440277
 -0.0001577315986790153
 0.0001318153598162533
 -9.035265253995524e-005
 0.0005587762715585039
 0.002151866936520791
 0.006997993109081883
 0.01551019528940281
 0.01432750041485628
 0.009432654329518814
 0.006896932818457987
 0.008104823362146353
 0.01115664870498341
 0.01288390143383133
 0.01260072323085446
 0.01002463639573618
 0.008984812974916221
 0.01499337919189092
 0.01478249001955692
 0.007463296682971914
 0.002273628348483082
 0.000137238468834224
 -0.0001329186800361009
 -4.489151492324844e-005
 0.0007052673474005956
 0.002429513681579952
 0.007779460371850703
 0.01607420617159111
 0.01231988108899613
 0.007440008456364485
 0.006652548447907716
 0.01156437148215265
 0.0147534405760767
 0.01422033998214387
 0.01175492626593592
 0.0078214901525857
 0.01013432794274005
 0.0167975867990852
 0.01495733288113706
 0.007120221792876866
 0.00305680811984806
 0.0009798066688186521
 -0.0004834481457605121
 -8.720095409661674e-005
 0.001274406809237993
 0.003851687789392485
 0.008746459205140909
 0.01330727274616313
 0.01093540328136406
 0.008072702410947498
 0.009114678991794104
 0.0101089323571535
 0.0131974236857963
 0.01148140027461995
 0.009225554375587971
 0.01053390815903225
 0.01390746301645074
 0.01474160418997457
 0.01110505772085968
 0.005177984937492148
 0.002630516002407684
 0.0007893297415823625
 -0.0001296987365727315
 -7.36363719054244e-005
 0.001258485146741207
 0.003230337132694938
 0.006497731548936099
 0.008848512894686132
 0.006955087266445804
 0.00504632468883887
 0.005656024518297172
 0.006810334072006799
 0.008443227820452124
 0.009223352212036351
 0.01041898345928541
 0.01103098888413574
 0.01211633280645381
 0.01076226549133268
 0.006858610710184377
 0.003330603513874559
 0.001629719679470085
 0.0003479971311546761
 3.583775330722444e-005
 -2.922605443378301e-005
 0.0003232790744473948
 0.001670672342101785
 0.003746151837174014
 0.005947897592599893
 0.004812472911455232
 0.002805861232766573
 0.002750784008910089
 0.005364493788430007
 0.006020031524802115
 0.00774317211117069
 0.01074876701677554
 0.01203423809881981
 0.009914934143759765
 0.007107936008117637
 0.003295452507793448
 0.0008084697863526165
 0.0001836507160065574
 9.076657558086878e-005
 0.0001111081460974329
 -4.173811912126319e-005
 9.166826134554185e-005
 0.0007465925131765109
 0.002072956068004597
 0.002953941364317134
 0.001982613657763305
 0.002601473433169199
 0.003209981053654179
 0.004553219818730084
 0.005523957257225096
 0.006669803873302533
 0.007849861467922674
 0.009515868881878073
 0.006409448287887598
 0.002040331284797165
 0.0003105596466750974
 0.0001134706882871136
 -4.370370692645721e-005
 -5.460438241114235e-005
 2.22733273966444e-005
 -7.790657424682296e-006
 -1.059750497165629e-005
 5.976348533121212e-005
 0.0004669994157681742
 0.001322680820579524
 0.001565144576627105
 0.001696902187841027
 0.003368418575381919
 0.004235571105390839
 0.004498875322674667
 0.004611580451468453
 0.004762819316722228
 0.004835306197910817
 0.002855202251662756
 0.0007332408346350096
 0.0005574096510464083
