# Created by Octave 3.2.4, Mon Dec 09 11:39:20 2013 Paris, Madrid <unknown@unknown>
# name: grad
# type: matrix
# rows: 400
# columns: 1
 0
 0
 7.983576380369898e-008
 -9.363119474796228e-007
 -4.96739532056961e-007
 3.698366319554372e-005
 3.234094912733914e-005
 4.399048879839283e-005
 -9.351274436954589e-006
 -2.458769192012301e-005
 -6.588095794792472e-006
 5.234940971301774e-006
 5.157860383120511e-006
 1.727133920049149e-006
 1.390893374641889e-005
 4.776453278945296e-006
 -5.933289748992496e-007
 -5.685230982497063e-007
 4.90453836001816e-008
 0
 -2.295962342060667e-008
 2.164246272483034e-007
 -5.788114973352036e-007
 1.166785122873177e-005
 8.359142855748009e-006
 1.453261455790913e-005
 0.0001497496758239862
 0.0002753559914202088
 -0.000218208500583352
 -0.000246927016714547
 -0.0001084295873566171
 -8.114729710789762e-005
 -7.4219658168909e-005
 -2.4604746338644e-005
 -0.0001648468263643488
 -6.944312522183138e-005
 1.224276346917563e-006
 8.675058921495444e-006
 -1.951914255116133e-006
 8.588768402728274e-007
 2.193986232387335e-007
 -1.736426552031512e-006
 -4.795027664556107e-006
 -6.366184566373076e-005
 -0.0002943685065951128
 -5.090309778093027e-005
 0.0003046581670313278
 0.0001996897578401587
 -0.0001146360689038204
 0.0001566289318066934
 0.0004732233333073108
 0.0001422971854040293
 -0.0003024221320580429
 -0.000612796075133801
 -0.0001402243910589534
 0.0003746092983928515
 4.084040782705183e-005
 -1.473882902322338e-005
 3.102749619441856e-006
 -1.242110655626402e-005
 6.944378305870861e-007
 -5.575394925370916e-006
 1.189584206404813e-005
 -0.0001004048602352206
 -0.0003235094161007116
 0.000609013076836622
 0.001405024281364636
 0.001045971238271009
 0.0007681757156688532
 0.001180253370138836
 0.001879959953513585
 0.001850810067934617
 0.001370809805929473
 0.001163654980739339
 0.0007838601053932622
 0.0009260444361787583
 0.0005411244459368885
 -9.262471295680596e-005
 0.0001386780819063578
 -3.115266031528081e-005
 -6.756419498295454e-007
 9.588830284522151e-006
 0.0001329608214536338
 0.0002115964976085888
 0.000728174589685303
 0.002245294876032033
 0.003554237282816806
 0.003435257036929343
 0.002304634555017237
 0.001527933465121044
 0.002182047233891734
 0.004196181833856978
 0.004029666940936246
 0.003958818155206582
 0.003580710782113273
 0.002618661309459827
 0.0007491651256958437
 -0.0005221789740598789
 0.0003032967995526638
 0.000172633507190223
 -1.273622307256593e-005
 -9.386940582203759e-005
 -9.052211788585039e-006
 -0.0003101978665063778
 0.001617873550601358
 0.004651717045460913
 0.006332839804818073
 0.005818372232940437
 0.004732945214077075
 0.004946445305621418
 0.007248706981308746
 0.007609078958541988
 0.007411296785452875
 0.007753599538296314
 0.008386906252529766
 0.007100048762307911
 0.003338342122560463
 -0.0003839295470698613
 0.0008311227221612597
 0.00046768253341667
 -2.92633504911975e-005
 -0.0003290573774381905
 -0.0004002231143495134
 9.139334053796257e-005
 0.0030382812208546
 0.007291592581444272
 0.00935726432810466
 0.009647459921025916
 0.0113326733620598
 0.01365310483658781
 0.01349301660954131
 0.01040252934441798
 0.01082305309274186
 0.01155238152317327
 0.01199425239595205
 0.01026752823511318
 0.007908328515616573
 0.002638488606289039
 0.001237995159441608
 0.0004821002201356725
 3.415993875575854e-006
 -0.0003215762446685333
 -0.0004347775559330709
 0.003069214569084955
 0.006122348472860094
 0.009349661682550718
 0.01394177023301153
 0.01714108023964548
 0.01858364048677904
 0.01839234012656649
 0.01410976109579616
 0.01111324670536907
 0.007481477760759619
 0.009166584224394992
 0.01337779241089535
 0.01497765146444117
 0.01286272107888396
 0.005998719549647025
 0.0004892446145693232
 0.0002480584120741545
 1.991684863320551e-005
 -0.0003255166497978727
 0.0002330966168801851
 0.006705450831449453
 0.01146365684501198
 0.01461495291315609
 0.01904915580237448
 0.01868830099713282
 0.01446056695995931
 0.01433064159562528
 0.01482219858906617
 0.012657816591168
 0.008439836373479944
 0.008171912276178743
 0.01393504911483565
 0.01757305896662466
 0.01476485285314974
 0.006014818688664254
 0.000601004119786162
 -7.498798003321397e-006
 4.46090675886422e-005
 -0.0002181453783008697
 0.001616005195228679
 0.008760284781677162
 0.01454085070654725
 0.0172282123830089
 0.01709721186239563
 0.01218946383457743
 0.008514218333401548
 0.01241855994376806
 0.01662636694425113
 0.01250229093311632
 0.008946782758669624
 0.01149492704966532
 0.01586859242464638
 0.0180479373964238
 0.01600323605094858
 0.007795661644912727
 0.001442923405405954
 0.0001366581430406542
 1.57978512726808e-005
 7.173466616634777e-005
 0.00238227153682245
 0.01079480519718102
 0.01711343498507275
 0.01823166290123973
 0.01611904177505259
 0.01176472382779312
 0.009439603376443737
 0.01370391021778297
 0.01619376813453938
 0.01190912914724879
 0.01387175452178078
 0.01719342600936612
 0.0168913678561066
 0.01702758186323884
 0.01626182355865274
 0.007345156642614317
 0.00105692245235819
 0.0003072135980140086
 3.722809632402806e-005
 8.874726729264514e-007
 0.003422380115887562
 0.01137273247152391
 0.01794217280421639
 0.01545257241524885
 0.0133700894238209
 0.01337817277698793
 0.01290165912853065
 0.01623153630047758
 0.01713213156711119
 0.01554376869512983
 0.01826189562932941
 0.01786219779227708
 0.01462164059810481
 0.0143009711096229
 0.01312576655050214
 0.005944451638932755
 0.001376551171133466
 0.0007706866241196614
 -2.585735484125298e-005
 0.0003964503188109141
 0.003776073106591791
 0.009347028528989646
 0.01502506202299653
 0.01318778029752049
 0.01260891424155638
 0.01277462206861378
 0.01267094043876453
 0.01650022735598232
 0.01719298949166506
 0.01590006944495598
 0.01633974759288195
 0.01712819946217248
 0.01392508945691572
 0.01129486859281761
 0.01025175366209911
 0.004023933195859118
 0.0009312981489037101
 0.0004621968954846649
 -5.906051065814773e-005
 0.000905326428740117
 0.003108600391428785
 0.004710684006724767
 0.00891312241265999
 0.01247255033153296
 0.01232328762797285
 0.01029521094907183
 0.01096070522532924
 0.01086350039670485
 0.01213404084901893
 0.01128480249863726
 0.01189065410025684
 0.01428559491838191
 0.0106121127135549
 0.006918837058223591
 0.004452532500121836
 0.00115309773173049
 0.0002978602064542397
 5.668442405885831e-005
 -3.663456818650628e-005
 0.0004476502447905317
 0.001806932784671051
 0.002833430700872271
 0.004705280027240417
 0.009118898748873536
 0.01026461359523934
 0.009198266364568915
 0.009029562569067258
 0.007478914003696451
 0.007308027006323196
 0.007207233812799501
 0.009261978787472258
 0.009386918797899197
 0.006749787795290843
 0.004352494361687784
 0.002148132568896188
 0.00096841467113816
 0.0003473521522420895
 -1.447981346139056e-005
 -3.501205022148107e-005
 2.143116303399526e-005
 0.0004842672614542002
 0.001850814111986075
 0.004497318869763755
 0.007944182533716468
 0.008910161886328241
 0.007797920052607886
 0.006703647021208295
 0.006353934507361262
 0.005646603127795998
 0.00471618396247605
 0.00501833638897793
 0.004832118004663192
 0.003827598635695858
 0.002567554635781852
 0.00143102906587426
 0.0006774521299058502
 0.0004046744370333025
 -1.758164264692866e-005
 -7.454243345161617e-006
 -1.014943511871485e-005
 -0.000145477458100908
 0.0008536673385622892
 0.002819361420388888
 0.004089862550483312
 0.004839646727601373
 0.004788870476377937
 0.003521809565358156
 0.003494757307968784
 0.003822148684039261
 0.002473893189952074
 0.002440745329349949
 0.001983631343438353
 0.001849478011241762
 0.001618646122996299
 0.000761687760161362
 0.0001606655945993641
