# Created by Octave 3.2.4, Fri Dec 13 18:19:08 2013 Paris, Madrid <unknown@unknown>
# name: all_theta
# type: matrix
# rows: 10
# columns: 401
 -3.470350414174448 0 0 0.0001004824465374479 -0.0009286769097769365 -0.001011623062879353 0.001680604514890572 -0.02023691391153034 -0.001787947200870651 0.0006603609214395107 0.0004818704059916118 6.35831455251033e-005 0.0004848289355244719 0.002174306439802369 0.001787545628117077 0.004652523480630699 0.006128580660966988 0.0005159244576656612 -8.761634069287194e-005 -8.005260087966412e-008 0 -1.444777578468585e-008 1.018318274295719e-005 -0.001270486692848269 0.01058943357363723 0.01212438725567577 0.002260674201318902 -0.02699601741901837 -7.359243168277923e-005 0.001718351776173806 -0.009518037975890762 -0.00114193139434364 -0.005487044144019236 -0.02390595710085894 -0.01357953549288105 -0.04169576888750487 -0.05724229645473468 0.007383466595642673 0.01117762684931516 0.0003226663020497431 0.0001817670808814474 1.168546709592504e-007 -0.0003280273973269541 0.0003329173585864052 0.03101580513239838 0.07745376718506894 0.1160161532012811 0.1143919531353241 -0.061347838822031 -0.09548315554938953 -0.02277499685504911 -0.04307704923296445 -0.006058720867708146 -0.07361515438098024 -0.1958433771375946 -0.3102183547055026 -0.2352595448748435 -0.04476569286897357 0.05977045789062162 0.0008805309414070395 -0.0003579466770363822 5.891674786919872e-007 0.001643364260963201 0.00525696033041627 -0.1991864688266319 -0.7200222135081958 -1.091236046203101 -1.466500660944375 -0.8658213387916243 -0.9766014970021032 -0.09638230159838056 0.396838746675309 -0.1249910017873751 0.01384711991025141 -0.5804875164205359 -0.8015821169476122 -1.232749585645838 -1.714464080963693 -1.64332934285217 -0.0332645069210795 -0.0188786039395176 1.304090772207673e-006 0.008122867806752192 -0.05787612682580501 -0.2179343223889849 -0.5920696496387592 -3.471964242198848 -2.602462253401069 0.01392320183873895 1.5999734960944 2.393196532853396 -0.02035187540117911 -0.5852371823374063 0.2187688416549466 -1.054052369764916 -1.194712935666452 2.079330519992714 0.1193117276002928 -1.522822446999463 -0.2600162608982213 -0.04198730514499423 -1.512720170656823e-005 -0.01784042502918926 -0.1526883946081707 1.791875666617339 0.05777501434495548 -0.8654805061627295 -1.643827875641272 -1.011951723488419 2.641739077000464 1.740271035402941 -2.454819167087172 -1.484666654617766 -0.05917609147941683 -1.658754352034395 -1.843073198983138 4.461830230937776 0.9817510876470344 -3.683783270029082 -0.7393606360047229 -0.04956511296353006 -0.0001733938612035252 0.01624687876111945 -0.9297093466084329 -0.3911290939096966 -0.6543023260371896 -1.537060521861786 -0.6144556908300305 -1.173755260588091 -0.7634112269831033 -1.343698093062915 -1.07514121410728 -0.7254718482946306 -0.1347682835430345 -0.8985865789978135 -2.029778557525721 -2.179309475758264 0.0002669107358533257 -1.999454104052387 -1.236835913720467 -0.03144492172987245 -0.0009692294350353639 0.05444692291449126 -1.808498359514043 -3.069859211102185 -0.8716566926010595 -1.126564154886233 0.1273533455802761 -0.9097056307194467 0.9434306344870524 -2.3903655552874 -2.454352912156736 -1.334198647865274 -2.641448958261549 1.756722437167529 2.552467056092312 -1.010353353829964 0.08298590733377346 0.1463904088137649 -2.833069983083464 0.006542031920456829 0.02376510009202575 -0.2946356433223248 -1.427486291609072 -0.5304343102753976 -2.044011116773936 -1.494040030775204 0.1691639547192956 0.05350805397138252 -0.4021526461404033 -2.310085595485682 -0.4155864067484824 0.831055699502917 -0.8254822656227272 -2.259146393357267 0.5898473426947015 -0.05902370009797311 -1.044589005260147 -1.744373122883207 -3.313845359524588 -0.4945556465486007 0.04934983329893503 -0.5603365888874693 -0.2605223532511735 -0.8236720967567366 -0.9495048676262605 -0.4058932638743923 -0.2321232162243921 0.2390945850003223 0.5158404499215338 0.4263796699004376 1.063788194097289 0.6436588301394629 1.086681884856685 0.7866278075822357 0.2363323895724977 -1.535955867355652 -0.1790917974984674 -0.2107094351985403 -2.44657133705186 -0.1383656707902987 0.03262770498993324 -0.3119649196027032 0.8738369008766353 -1.685828460248427 -2.764874560509109 0.4432229334799944 -0.5080835934726946 0.5397349072311974 3.130147754677705 3.10799431799345 2.260637740303653 2.657821006017903 -0.1778668866597054 1.474788797692245 -0.1616569827582034 0.1660571110513399 -0.3191039741679509 -1.658405937999849 -1.877598327865304 0.06062511920603379 0.009338647824643165 -0.1779503978632051 0.558272013132205 2.44803111612702 0.7943044514882166 -0.4826208449214839 -1.069742156019621 2.092250803330503 1.399794448058527 0.4640254503332774 -1.2719991674413 0.2083334477672203 -2.060014446751147 -1.240947435596913 0.7575368794479493 1.000390819810189 0.9261581918249042 -3.125950982108895 -2.103134355879946 -0.04947302105845316 0.02421959353731675 -0.2010922666273712 -2.661556246934311 -3.279867842843694 -1.713044089060423 -2.227543675452295 -0.4380562187327279 0.07135853216984869 0.1106517734926721 0.06465421887014926 0.9866652023666233 1.409100084748909 -0.9330374201839865 -0.8256252080119881 -1.457924341435582 -1.4803933528207 2.499637434288799 0.832796027549482 -1.027385815501854 -0.1306003994288397 0.01903215686998898 -0.2670538092089473 -0.9540557917174312 1.829325115762005 0.6764350659391702 2.083728191815891 -1.042219200930506 -1.379213220515383 1.586352536648445 -1.507642059634332 -1.362857619348203 -2.801566017140304 -1.53314679341511 1.42770653532828 1.863513327527038 -0.9518535350369722 1.371247306599417 0.3284956876572799 -0.9059697805164226 -0.04437280098566724 0.002651841423923877 -0.01595707239746357 -0.5904048095785603 -0.7376607481054388 -0.3513238008270532 -0.7096902096165887 -1.087730112345351 -0.6764296057072718 -2.582642276504358 -2.320828486943861 -1.153941489677019 -2.193090499581247 -1.565220243493964 2.117696584077139 -1.011770883724942 -0.2445539299310418 2.532995239077231 -1.457311968866557 -0.8071260886423764 -0.04856063640370215 -0.0001856349567793779 0.02174140388965257 -0.1923174431368891 -1.479261662854841 -1.395979308695267 1.200926402331487 -0.2304835309890441 -1.591749994287917 -1.342976851881259 -1.006752179688861 -1.450895748451296 -1.893928763760349 -1.778179194074593 -1.623617941685745 -0.7208636138619436 0.6291861899836031 0.0956531777837214 -1.666085345534139 -0.01806215065290852 -0.009554692787208189 -1.225069483693032e-005 -0.01299741040343493 0.0907215414172766 0.7403318762416389 -1.219700567111369 -1.099463146445846 -1.270504911014207 -1.044075019514417 -0.4841891593421273 -0.3261733000785343 -0.1787046428853796 -0.3316044659232721 -0.9739686265408201 0.3530525951411534 0.9204675187033843 0.1256128535437394 -0.7257770885439068 -0.5199205548649034 -0.0108691130015349 -0.008230416938494498 8.448341623147884e-006 -0.006592937941846881 0.04480432551837658 0.4095997901127131 -1.126820710748322 -1.539793126365561 -0.7413167942233999 0.05072483153189121 0.008706470647968983 -0.2868177450175191 -0.03518917231233727 -0.1173711351316211 -0.3408139972791273 0.6298361131108132 2.803308994518221 3.09612324338739 0.7250433603526735 -0.2651131751663091 -0.01366623953473381 0.0001211100767608426 -2.956582691529738e-007 0.0008066637543938452 0.003218025172417819 -0.1034887691061763 -0.4218801011024175 -0.1402736808698539 -0.1663888293725827 0.7647193918613778 0.5828733307833206 -0.1445035105759356 0.2980668335356481 0.0426606512989253 -0.1069116390403022 0.00384128407120832 0.6022183958980674 1.990682072506112 0.5237952133503164 -0.05288888388116126 0.0007769050259014438 0.0001106600812022627 0 -4.53304762097893e-005 0.001131504487144778 -0.006414319263567026 0.01356888714093215 -0.003668095493427863 0.006974494791875902 -0.07190641029920683 -0.06364452974103418 0.005001023989793229 0.0531406569926325 0.001528182226629291 0.07649142144456099 0.3801173686788653 -0.01675471815893815 -0.1818168862086778 -0.04544133272523254 0.005628864246023907 