# Created by Octave 3.2.4, Fri Dec 13 18:19:08 2013 Paris, Madrid <unknown@unknown>
# name: grad_int
# type: matrix
# rows: 401
# columns: 1
 0.0001551668062404067
 0
 0
 8.952856803424328e-015
 3.013512918591941e-010
 -3.392458164372216e-009
 -3.15095894760717e-008
 -9.051771013602203e-009
 -1.761579197323557e-009
 1.752820971920038e-009
 4.288070111995579e-008
 9.963563806866538e-009
 -1.34552089455033e-008
 -2.235568689429036e-008
 -1.93298175023075e-007
 -1.658286644588071e-007
 1.557477127065671e-009
 2.865219009984093e-010
 -7.375678804548412e-012
 4.699564179536889e-012
 0
 4.877767160940406e-016
 3.294763593179349e-010
 4.024151380995961e-009
 -7.018094032220623e-008
 -1.581931824150513e-007
 1.403919102443179e-007
 -4.306895650597616e-007
 -5.730912761781342e-007
 -3.80729642600634e-007
 -8.005191263795269e-007
 -9.493208370075079e-007
 -1.131652490914582e-006
 -6.842908313680133e-007
 9.022643110803291e-007
 1.686076661942084e-006
 4.593897331135043e-007
 -4.088126955913852e-007
 -4.243600584425512e-007
 1.90113996700312e-008
 -2.686459544004349e-011
 -4.403184257306014e-015
 -2.121639389806165e-009
 -1.5824498493236e-008
 3.243661527479742e-007
 1.337565818148318e-006
 2.085156499880931e-006
 4.21489054402499e-006
 6.385000339064593e-006
 8.274851834174894e-006
 1.072108367317054e-005
 2.000012103925162e-005
 2.85068038809579e-005
 2.109828231592072e-005
 3.207731005702264e-005
 1.277482844059529e-005
 -1.799770370650081e-005
 -2.831425210834114e-006
 6.230909259923439e-006
 -5.865767345012117e-007
 -1.2249385470553e-007
 -1.504261196111194e-014
 -1.508771759219758e-008
 -3.152798952905903e-007
 4.104881511951674e-006
 1.06839257516106e-005
 1.464247814193343e-005
 2.710928445511047e-005
 1.667084303374855e-005
 6.611037307254281e-006
 -8.117473808951944e-006
 -1.218780819965612e-005
 1.923988695643439e-005
 -6.248130869733502e-007
 2.253046960203487e-005
 1.686652544753275e-005
 -2.818430232142444e-005
 -1.520799624566866e-005
 7.365886005020463e-007
 2.897734539917039e-006
 1.043992427861306e-006
 6.233902075421672e-010
 -6.673752010091785e-008
 -2.753485429112942e-007
 9.470332759297145e-006
 1.910777312173054e-005
 4.459656891644253e-006
 2.064451725903523e-005
 2.830720036798259e-005
 -5.485186433004589e-006
 -1.824266575856444e-006
 -2.596755286328262e-005
 2.797393668260402e-005
 -1.292137760965672e-005
 -3.261559653727565e-005
 1.598827465540032e-005
 -3.451279051331699e-005
 -4.591982821866359e-005
 -9.824674388318267e-006
 8.854114321990795e-006
 2.821054234743668e-006
 3.306233261203954e-009
 -1.046033093338725e-007
 4.815867941825364e-007
 1.171302203171905e-005
 2.488907087550837e-005
 3.274523208021304e-006
 8.454330632272887e-005
 7.68982050740356e-005
 5.717531130645437e-005
 6.876725932672507e-005
 1.311478063685612e-005
 -5.747041759825145e-005
 7.595425525847243e-006
 -5.739264892656358e-005
 9.293427802978983e-006
 4.048131292322955e-005
 9.791963003715886e-005
 3.016990790784167e-005
 1.13917317540367e-005
 1.548655445278807e-006
 -1.080304069855153e-007
 9.751842142678597e-007
 9.875292586562193e-006
 2.237937524067415e-005
 5.132871548166115e-005
 4.109781409043214e-005
 0.0001200307181466935
 6.529426440609416e-005
 0.000104269966836234
 6.420934358922053e-005
 3.632763449839216e-005
 -4.671399167914823e-005
 -1.840229276811596e-005
 3.51043023514752e-006
 2.986274107659114e-005
 4.882434864507997e-005
 9.179658997456733e-006
 4.228691483032625e-005
 2.68657808584536e-005
 -3.100849214464038e-007
 -1.376878417625318e-007
 1.237851050630463e-006
 3.812345915181342e-005
 3.748240423249657e-005
 4.694045395179027e-005
 5.240981030961705e-005
 9.098142104633117e-005
 3.57324318595454e-005
 1.201637479420689e-005
 -1.428937580046513e-005
 -6.901044319623022e-005
 6.794962954609591e-006
 -4.042556396987269e-005
 3.426567973164616e-005
 -6.612816784362564e-005
 -7.451025439502248e-006
 -6.975071169429784e-005
 -1.316982713334652e-005
 7.585211230897515e-005
 1.232957782743918e-005
 -6.757824529351046e-008
 1.958117863179015e-006
 7.037374577251274e-005
 3.197249979261257e-005
 0.0001002143864260225
 9.178898438059979e-005
 9.623445340070396e-005
 3.722958398851788e-005
 -3.536635501709212e-005
 2.722690559255507e-005
 -6.459875510559277e-005
 -5.496397722801052e-005
 -8.149029020654843e-005
 -9.250553379419745e-005
 -7.031289486554678e-005
 2.467046406931987e-005
 6.05118566697117e-007
 -1.368269796500067e-005
 4.086667942010901e-005
 1.854519990634787e-005
 -2.356037583280388e-008
 4.39941061131586e-006
 3.451639818361145e-005
 1.447332261948644e-005
 6.707296503847833e-005
 7.093407201717891e-006
 2.788295397065738e-005
 6.059770121130061e-006
 3.903075599176364e-006
 4.867973415051501e-005
 -8.459492713888633e-005
 7.075568632484684e-005
 7.943579264672809e-005
 5.160592177335494e-005
 -2.177786359281671e-005
 7.481997587098552e-005
 1.906266947197462e-005
 3.209501316846279e-005
 6.106618906606813e-006
 1.085904763586364e-005
 3.441369366537628e-007
 6.0259404780415e-006
 -2.751487769990202e-005
 1.414376261166124e-005
 8.789973502628035e-005
 2.903228554127343e-005
 -1.41151159736542e-005
 -1.159063093337466e-006
 2.398938295186968e-005
 8.442481626393295e-005
 0.0001359977202164478
 0.0001612092071763828
 -1.965809700946009e-005
 -4.073156112327139e-006
 7.66722251378382e-005
 6.608884703799946e-006
 4.941763664099351e-005
 6.017458482859489e-005
 5.91334291905109e-005
 1.570557089830446e-006
 3.013955300774352e-006
 3.182902253672246e-005
 4.584867075247349e-005
 2.229734703851427e-005
 2.083247149768059e-005
 5.662015628339087e-005
 3.095777341204307e-005
 5.044017749637147e-005
 5.399177078868909e-005
 6.333506350365862e-005
 3.621668754801945e-005
 -8.551811352420016e-005
 -5.028109008392153e-005
 -5.85350458881723e-005
 3.484059796487906e-005
 4.479762990117679e-005
 9.122324414293141e-005
 4.99584557953176e-005
 4.969699681736835e-005
 -4.07693240762718e-006
 -2.934571568988198e-006
 5.118547488348848e-005
 8.514055505636198e-006
 -4.03610094653696e-006
 6.618131639639898e-005
 -2.100693971789985e-005
 2.933070787061462e-005
 1.224892281846765e-006
 -2.326613208548896e-005
 -3.077369661792414e-005
 -7.575999048072019e-005
 5.137781477236133e-006
 -5.06083187450021e-005
 2.93822763354961e-006
 7.45027153568616e-005
 0.0001679847285792305
 6.483087120430344e-005
 1.813539864218902e-005
 1.231534534713241e-005
 -8.770953638712196e-007
 -2.025297755021008e-006
 2.279544979195403e-005
 -6.247421780821449e-006
 -1.139668508482457e-005
 7.018162314203003e-005
 -3.243690936987398e-006
 -2.900030826498764e-005
 -4.334263377171114e-006
 -4.105727368978994e-006
 4.559226240639648e-005
 3.569085929440575e-006
 -3.10292131530898e-006
 5.993019737167152e-007
 4.696187597994135e-005
 6.54808421851896e-005
 0.0001378098658628998
 2.1256272439291e-005
 2.546043798480721e-005
 1.453586913962052e-005
 -1.064307951005501e-006
 2.193422290330502e-007
 1.534428392370837e-006
 5.79473042384314e-006
 1.079150472931269e-005
 -4.121266494207828e-005
 -2.218768416418451e-005
 5.425807688300094e-005
 6.537546763209882e-006
 -1.329938486512124e-005
 4.397712000318448e-005
 2.854655886702464e-005
 7.37530379884759e-006
 0.0001037788982646598
 7.209406786309957e-005
 0.0001197865429712176
 5.031472539635348e-005
 -3.532393303195615e-006
 6.409960265668611e-005
 2.260900322890771e-005
 7.990237581099048e-007
 6.412951420136103e-008
 -1.0240036834218e-007
 2.686139710740276e-005
 2.729114971005601e-005
 -2.650654460139632e-005
 4.405134119586608e-005
 -3.909686380326729e-006
 -4.854743699874206e-005
 4.981214563510746e-006
 8.706483903028548e-005
 5.604770975355733e-005
 0.0001105326578782712
 5.927842510224422e-005
