# Created by Octave 3.2.4, Fri Dec 13 18:19:08 2013 Paris, Madrid <unknown@unknown>
# name: grad
# type: matrix
# rows: 401
# columns: 1
 0.0001551668062404067
 0
 0
 -9.779905615850659e-012
 1.98054045567685e-010
 -8.773639097270153e-010
 -1.342839048609144e-008
 -8.443574209489261e-009
 -1.205993958033586e-008
 -1.601892173536838e-008
 9.690325192380794e-009
 3.280011426357207e-009
 -6.666602927008231e-009
 -1.082543357323119e-008
 -6.697192855811194e-008
 -5.424057634957547e-008
 1.648226940433116e-009
 6.600750575549908e-010
 4.984211548679996e-013
 -3.913735483252899e-012
 0
 -2.538323298473721e-012
 1.121592737008646e-010
 3.977222630062677e-009
 -4.157797637914142e-008
 -1.21482720276885e-007
 -5.977929222313587e-008
 -3.993017991144402e-007
 -4.898169662856365e-007
 -3.681419647191251e-007
 -5.348786436997901e-007
 -6.966868017474978e-007
 -8.597943665646572e-007
 -5.039405521571081e-007
 -8.11508204806216e-008
 4.865187109721838e-007
 2.887962641124543e-007
 -2.696056207111077e-007
 -3.091017155874899e-007
 1.446429171012848e-008
 1.064313802371288e-010
 2.174906635550058e-011
 -1.081279742790205e-009
 -1.559220388235585e-008
 2.023392056405044e-007
 8.722653703864257e-007
 8.628236330277402e-007
 2.11927398828546e-006
 2.886581397654888e-006
 3.068189990572419e-006
 5.068407360887298e-006
 1.194490222836528e-005
 1.832222524731373e-005
 1.314326772342038e-005
 1.840812453099582e-005
 4.411846638941618e-006
 -1.681364790333298e-005
 -4.024582800156055e-006
 4.712387191619156e-006
 -3.865014390600752e-007
 -8.127284265409197e-008
 9.367814320486669e-011
 -8.585426385506443e-010
 -2.893247101183135e-007
 2.346672163604006e-006
 6.703636422875336e-006
 8.906374489304702e-006
 1.657188206744858e-005
 7.209876571217931e-006
 7.142618785316556e-007
 -7.06730664304019e-006
 -3.901826516782152e-006
 1.704516417083293e-005
 -2.926052448908294e-006
 1.408555526913174e-005
 1.304993371070542e-005
 -1.498326864503354e-005
 -9.971582072018443e-006
 2.199633939881822e-007
 1.73479142329274e-006
 6.826145526933984e-007
 3.927318226973266e-010
 -3.285309225444705e-008
 -2.875177209269662e-007
 5.647365789057943e-006
 1.072457606408344e-005
 -7.589176022318242e-007
 1.271391574266851e-005
 2.29669479432422e-005
 6.841078370101767e-006
 1.918029105121408e-005
 5.355222729505533e-006
 3.767825521880832e-005
 -7.816468193950909e-007
 -1.911349995757493e-005
 9.087383729845913e-006
 -2.034038377201847e-005
 -2.560961890796451e-005
 -8.238569349292208e-006
 5.141122769137864e-006
 1.736405426136135e-006
 -7.854241593489661e-010
 -3.420203399333317e-008
 -1.640573354358079e-007
 5.321959253787822e-006
 1.21188602782339e-005
 -4.617734029955548e-006
 6.351374467330594e-005
 6.885965255926712e-005
 6.457008710590699e-005
 7.25356565076921e-005
 3.163895487942042e-005
 -2.46661388059703e-005
 1.732934300957168e-005
 -2.92484957511083e-005
 1.362777087171975e-005
 3.057024596634012e-005
 7.27106293156309e-005
 1.792378125638806e-005
 5.234297395165078e-006
 7.289582583448332e-007
 -4.835103481682686e-008
 4.649052173071178e-007
 3.274315063512986e-006
 6.187437558672644e-006
 3.280308833444087e-005
 3.562339607081202e-005
 9.804290980605675e-005
 6.75514016867989e-005
 0.0001000853825569947
 6.43851925018319e-005
 3.844351490681328e-005
 -3.0620854834332e-005
 -1.26824215390024e-005
 4.211331447394554e-006
 3.178666647044938e-005
 4.927524030184256e-005
 1.225528063902189e-005
 2.273129033219202e-005
 1.337706566791163e-005
 -8.477075088787809e-007
 -5.489955604762755e-008
 5.624799344646916e-007
 2.02983262200984e-005
 1.653110488173814e-005
 4.952646572804244e-005
 6.816341051107518e-005
 8.268002818186011e-005
 3.653376163285302e-005
 1.854715706461383e-005
 -1.882738036993099e-008
 -4.752867551847988e-005
 5.993732897498505e-006
 -1.88658997029546e-005
 3.28278040155559e-005
 -2.609826411459234e-005
 8.187049748758533e-006
 -3.398199754581347e-005
 -1.766836163717246e-005
 4.915383681514796e-005
 8.406759216763992e-006
 -1.409091067949818e-008
 1.203192238249429e-006
 4.411943820174657e-005
 2.426359230773179e-005
 9.876370501456398e-005
 8.703204046152618e-005
 8.294065087936717e-005
 3.607177537046963e-005
 -2.81652637445785e-005
 1.789659575366688e-005
 -4.185115835399451e-005
 -3.451971160910881e-005
 -5.801361368780458e-005
 -7.754197248628263e-005
 -3.702885618446456e-005
 3.011591317682274e-005
 2.870011699939855e-005
 -1.043906172860249e-005
 2.133355299318779e-005
 1.226205758978423e-005
 -2.846334286761315e-009
 1.822834715758495e-006
 1.869258489402927e-005
 2.454959022252599e-005
 7.264793675695664e-005
 2.102774867818835e-005
 4.021375586291218e-005
 1.071481989893442e-005
 -1.038565650617208e-005
 2.6198233548155e-005
 -7.490550232136215e-005
 2.858436988925704e-005
 2.97497272829204e-005
 1.705082770061245e-005
 -2.150648088517226e-005
 5.933177547132876e-005
 4.979717360214329e-005
 2.883356957134631e-005
 -4.75702627148603e-006
 5.330302583413679e-006
 1.773539307878092e-007
 2.99091352095851e-006
 -2.724725335934138e-005
 2.472849459998227e-005
 8.380191286981691e-005
 4.047204988739019e-005
 -7.410518450927807e-007
 -3.363850991047734e-006
 5.71289032523665e-006
 4.181400136766374e-005
 6.689301892344082e-005
 8.152170573771693e-005
 -5.111965592376085e-005
 -2.780325069814716e-005
 4.308380139704366e-005
 1.294015831186108e-005
 6.23029868851866e-005
 5.143085748023887e-005
 3.772634344339185e-005
 -8.271152558085631e-007
 2.707387414770728e-006
 2.40332445794934e-005
 3.000163402758619e-005
 2.635498562346821e-005
 3.231429154890149e-005
 6.408932844687089e-005
 2.4763966376116e-005
 3.916953810163473e-005
 3.665028092524346e-005
 1.809677080972385e-005
 -8.013157898102836e-006
 -9.302004375858196e-005
 -6.42328599716784e-005
 -6.533485831205145e-005
 1.722631732282762e-005
 4.580394649515902e-005
 7.602072635372774e-005
 3.701308668427633e-005
 3.316671470735815e-005
 -4.030208647897942e-006
 -2.010813861644037e-006
 3.764615963187086e-005
 -1.775421514661738e-006
 -4.333114052448533e-006
 6.261670290738186e-005
 3.055637281752269e-006
 3.021608676701946e-005
 2.21586743801257e-005
 -1.05215967696208e-005
 -3.233042558614683e-005
 -7.246359921491957e-005
 -8.288928768184181e-006
 -5.38544873381914e-005
 -4.791132034240436e-006
 5.98622320352206e-005
 0.0001318071158440084
 5.584406164950306e-005
 1.225669396023058e-005
 5.62831172087186e-006
 -1.407118421423223e-006
 -1.466584700923986e-006
 1.633890613672457e-005
 -1.132555005230591e-005
 -6.972415501433241e-006
 6.607997469710355e-005
 1.565960635762826e-005
 -9.541474667851393e-006
 2.451835412879614e-005
 1.298113677759704e-005
 2.806605573550033e-005
 -1.164938078222794e-005
 -8.570619175320163e-006
 6.365771346905382e-006
 4.676662278955391e-005
 4.84173712280354e-005
 0.0001112561042123988
 2.520851250838507e-005
 1.808649306193432e-005
 8.725814916838259e-006
 -9.627743221991495e-007
 2.583710700010044e-007
 1.24228845401077e-007
 -2.736684901110817e-006
 8.534240893808742e-006
 -1.968033158100014e-005
 -1.553284697099382e-005
 2.9896525114222e-005
 1.194472825053365e-005
 7.150872522476263e-006
 3.713048507337089e-005
 2.309215885855005e-005
 1.61603400530045e-005
 9.573763990371977e-005
 7.332923132742468e-005
 9.57180762511682e-005
 4.380531670807762e-005
 -2.669749408132731e-006
 4.432119160226677e-005
 1.526215554716809e-005
 5.205847396796712e-007
 1.164222222568761e-007
 -7.273996410192124e-007
 1.302634365607785e-005
 1.578700932953162e-005
 -1.107030001120543e-005
 3.281945052825198e-005
 -5.294462991477827e-006
 -2.446159807520345e-005
 2.086319412282073e-005
 7.940688859822304e-005
 5.593879323830928e-005
 0.0001014946212466904
 6.943883063015849e-005
